image: roban_museum.pgm
resolution: 0.050000
origin: [-1.409646, -4.349221, 0.000000]
# origin: [4.349221, -1.409646, 1.570796]
negate: 0
occupied_thresh: 0.65
free_thresh: 0.196

